,0
682,4094
250,1842
336,3614
260,4274
543,7335
136,4123
215,4576
6,1510
323,3520
398,4151
541,6779
291,2424
145,4677
482,6233
132,4105
311,4205
698,5323
41,1746
108,3204
439,6192
56,1969
333,3613
208,4390
598,7006
594,7148
24,1985
405,3831
433,4569
464,5585
431,4916
538,5823
110,4189
82,1865
51,1107
522,7055
585,7534
688,5499
649,7570
637,8555
525,7498
367,2236
689,5634
18,1650
531,7665
411,3005
292,4195
481,5026
83,2210
61,1685
204,3606
424,1834
29,1096
231,5191
213,4845
487,6169
712,5532
182,5119
626,4073
248,2710
518,8120
362,2423
664,7444
549,6660
654,7534
209,3846
450,5558
408,3422
176,5305
299,2659
516,7338
533,6978
264,4795
137,3855
223,4905
684,5445
685,5698
163,5020
394,3624
641,7572
490,6883
390,4075
371,4521
334,3727
457,5936
104,3126
114,4073
656,7509
239,4334
655,7461
294,4308
92,3249
7,959
89,1685
554,4672
393,3243
670,5986
677,5315
590,6883
547,5531
420,2732
409,3922
11,1162
140,5805
28,1098
43,1589
42,1472
73,2056
167,4844
603,5255
639,6778
412,4154
178,4648
453,6133
470,7132
177,4708
665,7852
507,6073
257,3659
296,4187
15,1204
428,3423
256,4785
582,5464
324,2765
517,4127
529,7421
346,3523
281,5511
381,2935
9,1321
249,1996
22,986
221,4780
483,4220
715,3786
416,3777
610,5810
203,3285
447,8362
93,3115
332,2914
382,3376
422,4322
284,2416
184,6043
589,6544
329,3068
153,5312
75,2744
377,3214
277,4826
68,623
426,3194
188,4040
271,4839
236,3542
88,1536
619,7767
117,4058
125,4608
599,7375
289,4570
238,1115
0,985
722,1787
361,2302
636,7415
587,5786
278,4765
116,3872
228,4694
349,3577
363,2999
274,2918
318,4195
494,4717
144,4978
429,3333
486,5740
660,7058
532,7702
268,4630
515,6855
307,4046
310,4035
46,2115
261,4539
195,5538
730,2729
611,6034
107,3429
59,1851
723,920
432,5382
100,3348
396,4579
653,5875
530,7363
627,7591
179,5225
304,4068
571,8173
395,4509
702,6234
149,4098
124,4433
588,6299
634,7733
185,4665
478,3214
451,5102
388,4339
720,3623
662,7693
321,3392
353,3750
673,5107
142,4274
141,4660
440,4378
320,3053
19,1927
172,4507
593,7605
312,4109
679,6536
12,1406
305,4186
354,2660
25,506
544,6879
169,4744
38,1530
558,7446
245,4484
298,3894
485,5572
272,5202
154,5342
126,4714
519,7641
341,3322
287,5217
113,4191
708,3228
173,4790
359,1317
659,6824
57,2402
495,6572
222,4792
280,5409
17,683
671,5847
322,3663
255,4763
721,1749
725,441
190,4881
709,5170
645,3510
417,4773
94,1795
180,5515
301,627
477,1027
537,5905
669,5566
503,7639
644,7965
479,5633
5,1606
716,4585
45,1815
446,6871
551,6241
171,4835
16,1000
48,2927
706,5008
668,1096
3,1562
501,7424
613,7112
316,3717
672,5138
283,4563
96,3141
285,2913
462,6857
225,3820
26,431
586,7286
263,4352
437,5847
50,1812
364,2485
229,3805
37,1712
157,4833
237,4661
701,4649
374,3598
370,4098
442,5892
175,5202
620,7870
127,4333
539,7458
194,5084
622,8009
630,8395
694,2424
497,7429
500,5115
705,5375
608,7350
628,7720
67,1891
493,5728
168,5119
444,6093
499,2843
162,4460
309,3649
193,4342
521,7001
365,2294
383,3292
658,8090
528,4972
152,4968
581,6824
638,6889
111,1683
226,4338
511,6536
583,7013
103,3267
421,3389
419,3487
570,7592
604,6917
74,2192
115,4400
407,1529
704,5729
119,5312
53,1917
151,3974
403,2802
687,4669
207,4656
512,6591
631,7907
615,7504
680,6852
8,822
609,6140
506,4359
591,6784
36,1623
452,5698
139,4917
253,5046
303,3669
552,6207
526,6598
534,5099
262,3641
297,4687
414,2689
150,3982
579,7261
648,7691
488,6421
147,4758
146,4679
535,6825
676,5035
548,6227
348,3709
463,5169
325,1607
186,4629
123,2633
621,7804
143,4492
696,3959
197,5302
279,4985
293,4304
400,2947
122,4451
183,4649
202,3387
438,6312
246,4940
415,3129
647,6392
129,4803
402,4375
575,6597
567,4459
219,4326
714,5047
584,7273
666,4459
691,2425
386,1977
707,5582
509,6770
267,5010
441,7836
496,7030
112,4036
232,3873
635,7393
373,2376
233,4758
576,7105
317,4486
410,4169
652,6639
358,754
258,4760
282,5117
376,4097
384,3163
224,4150
693,2277
596,4549
472,6691
347,3740
505,7129
719,4128
674,5259
657,5424
623,8714
616,5976
556,6290
577,7216
85,1693
242,5058
159,3915
524,7736
35,1005
540,6891
170,4010
625,6869
617,8227
692,3910
95,2808
563,6786
240,4634
574,6685
460,6457
553,4840
640,4639
206,4590
392,4023
397,3761
618,7525
217,4294
4,1600
651,7109
612,6864
546,5687
98,2455
573,6904
406,2169
502,7384
47,2475
32,1526
200,4332
134,4553
27,1167
642,7328
230,4153
489,6296
378,2493
288,5041
418,5062
391,3456
592,7347
498,6118
138,4575
62,1944
471,6370
128,4362
710,5501
520,6998
64,605
14,1248
156,4548
40,1538
492,6273
379,2311
187,4592
216,4866
52,1450
337,3485
295,4381
251,3544
461,6460
455,6235
728,1341
269,4120
201,3784
161,4966
555,6569
401,3784
476,6624
105,795
565,6591
389,4270
1,801
695,5087
561,6031
80,2703
205,3840
34,1708
508,5260
427,4066
454,5459
366,1951
91,2252
339,2594
564,5713
345,3310
241,5204
13,1421
315,4067
600,7765
387,2432
273,2429
166,3767
724,1013
646,5478
484,6304
713,5611
504,8294
243,5115
566,5870
562,6830
686,5629
189,5336
475,7290
681,6269
510,6734
58,1446
474,6565
560,6969
252,5345
21,981
313,2933
459,6436
160,4586
276,4456
191,4086
385,1301
413,4318
491,6359
343,3190
308,3926
661,7466
130,4182
663,7359
99,2895
372,3425
87,2425
458,6772
330,3071
214,3574
466,4862
121,4401
614,6203
20,1543
700,5191
71,2417
106,3744
270,3907
435,4911
102,2162
